2000     40
4000     85
6000     166
8000     208
10000    207
12000    191
14000    207
16000    182
18000    250
20000    320
22000    333
24000    352
26000    367
34000    431
38000    445
40000    440
46000    462
48000    463
50000    459
52000    504
54000    510
56000    510
58000    508
60000    530
62000    544
64000    528
66000    529
68000    573
70000    581
72000    578
74000    589
76000    583
78000    580
80000    592
82000    591
84000    648
86000    652
88000    646
90000    647
92000    645
94000    650
96000    656
98000    653
100000   714
102000   707
104000   710
106000   711
108000   712
114000   719
116000   773
118000   785
120000   795
122000   775
124000   775
126000   782
128000   782
130000   783
132000   845
134000   839
136000   846
138000   837
140000   841
142000   850
144000   861
146000   846
148000   905
150000   901
152000   901
154000   905
156000   902
158000   912
160000   918
162000   925
164000   972
166000   975
172000   974
174000   974
176000   983
182000   1165
184000   1032
186000   1029
188000   1039
190000   1037
192000   1038
194000   1092
200000   1100
202000   1114
204000   1103
206000   1111
208000   1102
210000   1102
212000   1158
214000   1168
216000   1136
218000   1187
220000   1191
222000   1183
224000   1175
226000   1198
228000   1237
230000   1240
232000   1280
234000   1252
236000   1246
238000   1247
240000   1254
242000   1247
244000   1295
246000   1302
248000   1319
250000   1310
252000   1303
254000   1309
256000   1318
266000   1374
268000   1374
270000   1366
272000   1383
274000   1374
276000   1443
278000   1438
280000   1439
282000   1439
284000   1437
286000   1439
288000   1430
290000   1438
292000   1494
294000   1496
296000   1494
298000   1510
300000   1503
302000   1512
304000   1510
306000   1495
308000   1558
310000   1550
312000   1560
314000   1573
316000   1568
318000   1575
320000   1566
322000   1567
324000   1616
326000   1620
328000   1639
330000   1623
332000   1630
334000   1630
336000   1623
338000   1777
340000   1700
342000   1687
344000   1689
346000   1683
352000   1689
354000   1685
356000   1750
358000   1767
360000   1759
362000   1767
364000   1764
366000   1751
368000   1759
370000   1767
372000   1801
374000   1825
376000   1823
378000   1821
380000   1822
386000   1823
388000   1894
390000   1886
392000   1882
394000   1883
396000   1894
398000   1885
400000   1879
402000   1945
404000   1948
406000   1957
408000   1943
410000   1957
412000   1963
414000   1972
416000   1943
418000   1952
420000   2004
422000   2024
424000   2027
426000   2007
428000   2015
434000   2016
436000   2079
438000   2078
440000   2088
442000   2078
444000   2070
446000   2078
448000   2086
454000   2150
456000   2143
458000   2134
460000   2145
462000   2152
464000   2142
466000   2151
468000   2205
470000   2214
476000   2198
478000   2219
480000   2214
482000   2214
484000   2271
486000   2279
488000   2262
490000   2270
492000   2270
494000   2279
496000   2263
498000   2270
500000   2327
502000   2335
504000   2338
506000   2331
508000   2335
510000   2334
512000   2390
514000   2337
516000   2407
518000   2391
520000   2409
522000   2406
524000   2398
526000   2399
528000   2407
530000   2404
532000   2462
534000   2454
536000   2465
538000   2461
544000   2509
546000   2472
548000   2527
550000   2525
552000   2520
554000   2535
556000   2519
562000   2526
564000   2583
566000   2591
568000   2597
570000   2582
576000   2589
578000   2590
580000   2647
582000   2646
584000   2655
586000   2654
588000   2646
590000   2654
592000   2654
594000   2655
596000   2710
598000   2717
600000   2727
602000   2710
604000   2713
610000   2718
612000   2751
614000   2789
616000   2782
618000   2783
620000   2783
622000   2774
624000   2782
626000   2893
628000   2858
630000   2854
632000   2848
634000   2847
636000   2854
638000   2845
640000   2847
642000   2848
648000   2911
654000   2910
656000   2902
658000   2911
660000   2989
662000   2974
664000   2977
666000   2974
668000   2966
674000   2982
676000   3030
678000   3046
680000   3092
682000   3040
684000   3038
690000   3039
692000   3121
694000   3107
696000   3103
702000   3103
704000   3119
706000   3102
708000   3167
710000   3137
712000   3168
714000   3174
716000   3148
718000   3165
720000   3167
722000   3265
724000   3233
730000   3229
732000   3238
734000   3233
736000   3228
738000   3230
740000   3244
742000   3297
744000   3294
746000   3392
748000   3301
750000   3302
752000   3396
754000   3298
760000   3350
762000   3358
764000   3366
766000   3357
768000   3352
770000   3359
772000   3430
774000   3423
776000   3416
778000   3422
784000   3415
786000   3421
788000   3495
794000   3478
796000   3495
798000   3487
800000   3479