1000000 0 1000000 -180000 0 0 10 1 0
1200000 0 1200000 -180000 -30000 0 10 1 0
1200000 0 1200000 -180000 -30000 0 10 1 2
1000000 0 1000000 -180000 0 0 10 1 0
1000000 0 1000000 -180000 0 0 10 1 3
1200000 100000 1000000 -180000 -30000 0 10 1 0
1200000 100000 1000000 -180000 -30000 0 10 1 2
1200000 100000 1000000 -180000 0 0 10 1 3
1200000 100000 1000000 -180000 0 0 10 1 0
980000 0 940000 -180000 0 0 10 1 0
1000000 0 1000000 -180000 0 0 10 1 0
1000000 0 1000000 -180000 0 0 10 1 4
980000 0 940000 -180000 0 0 10 1 0
1200000 500000 1000000 -180000 -30000 0 10 1 0
1200000 500000 1000000 -180000 -30000 0 10 1 2
1200000 100000 1000000 -180000 0 0 10 1 0
1200000 100000 1000000 -180000 0 0 10 1 3
980000 0 940000 -180000 0 0 10 1 0
1200000 500000 1000000 -180000 -30000 0 10 1 0
1200000 500000 1000000 -180000 -30000 0 10 1 3
1200000 500000 1000000 -180000 -30000 0 10 1 2
1200000 100000 1000000 -180000 0 0 10 1 0
1200000 100000 1000000 -180000 0 0 10 1 3
980000 0 940000 -180000 0 0 10 1 0
980000 0 940000 -180000 0 0 10 1 4