1 10000 0 0 0 -90000 0 50 0 0 
1 10000 0 0 0 -90000 0 50 0 0 
1 10000 0 0 0 -90000 0 50 0 0 
1 10000 0 0 0 -90000 0 50 0 0 
1 10000 0 0 0 -90000 0 50 0 0 
1 10000 0 0 0 -90000 0 50 0 0 
1 10000 0 0 0 -90000 0 50 0 0 
1 10000 0 0 0 -90000 0 50 0 0 
1 10000 0 0 0 -90000 0 50 0 0 
1 10000 0 0 0 -90000 0 50 0 0 
2 10000 0 0 0 -90000 0 50 0 0 
2 10000 0 0 0 -90000 0 50 0 0 
2 10000 0 0 0 -90000 0 50 0 0 
2 10000 0 0 0 -90000 0 50 0 0 
2 10000 0 0 0 -90000 0 50 0 0 
2 10000 0 0 0 -90000 0 50 0 0 
2 10000 0 0 0 -90000 0 50 0 0 
2 10000 0 0 0 -90000 0 50 0 0 
2 10000 0 0 0 -90000 0 50 0 0 
2 10000 0 0 0 -90000 0 50 0 0 
2 10000 0 0 0 -90000 0 50 0 0 
2 10000 0 0 0 -90000 0 50 0 0 
2 10000 0 0 0 -90000 0 50 0 0 
2 10000 0 0 0 -90000 0 50 0 0 
2 10000 0 0 0 -90000 0 50 0 0 
2 10000 0 0 0 -90000 0 50 0 0 
2 10000 0 0 0 -90000 0 50 0 0 
2 10000 0 0 0 -90000 0 50 0 0 
2 10000 0 0 0 -90000 0 50 0 0 
2 10000 0 0 0 -90000 0 50 0 0 
2 10000 0 0 0 -90000 0 50 0 0 
2 10000 0 0 0 -90000 0 50 0 0 
2 10000 0 0 0 -90000 0 50 0 0 
2 10000 0 0 0 -90000 0 50 0 0 
2 10000 0 0 0 -90000 0 50 0 0 
2 10000 0 0 0 -90000 0 50 0 0 
2 10000 0 0 0 -90000 0 50 0 0 
2 10000 0 0 0 -90000 0 50 0 0 
2 10000 0 0 0 -90000 0 50 0 0 
2 10000 0 0 0 -90000 0 50 0 0 
2 10000 0 0 0 -90000 0 50 0 0 
2 10000 0 0 0 -90000 0 50 0 0 
2 10000 0 0 0 -90000 0 50 0 0 
2 10000 0 0 0 -90000 0 50 0 0 
2 10000 0 0 0 -90000 0 50 0 0 
2 10000 0 0 0 -90000 0 50 0 0 
2 10000 0 0 0 -90000 0 50 0 0 
2 10000 0 0 0 -90000 0 50 0 0 
2 10000 0 0 0 -90000 0 50 0 0 
2 10000 0 0 0 -90000 0 50 0 0 
2 10000 0 0 0 -90000 0 50 0 0 
2 10000 0 0 0 -90000 0 50 0 0 
2 10000 0 0 0 -90000 0 50 0 0 
2 10000 0 0 0 -90000 0 50 0 0 
2 10000 0 0 0 -90000 0 50 0 0 
2 10000 0 0 0 -90000 0 50 0 0 
2 10000 0 0 0 -90000 0 50 0 0 
2 10000 0 0 0 -90000 0 50 0 0 
2 10000 0 0 0 -90000 0 50 0 0 
2 10000 0 0 0 -90000 0 50 0 0 
2 10000 0 0 0 -90000 0 50 0 0 
2 10000 0 0 0 -90000 0 50 0 0 
2 10000 0 0 0 -90000 0 50 0 0 
2 10000 0 0 0 -90000 0 50 0 0 
2 10000 0 0 0 -90000 0 50 0 0 
2 10000 0 0 0 -90000 0 50 0 0 
2 10000 0 0 0 -90000 0 50 0 0 
2 10000 0 0 0 -90000 0 50 0 0 
2 10000 0 0 0 -90000 0 50 0 0 
2 10000 0 0 0 -90000 0 50 0 0 
2 10000 0 0 0 -90000 0 50 0 0 
2 10000 0 0 0 -90000 0 50 0 0 
2 10000 0 0 0 -90000 0 50 0 0 
2 10000 0 0 0 -90000 0 50 0 0 
2 10000 0 0 0 -90000 0 50 0 0 
2 10000 0 0 0 -90000 0 50 0 0 
2 10000 0 0 0 -90000 0 50 0 0 
2 10000 0 0 0 -90000 0 50 0 0 
2 10000 0 0 0 -90000 0 50 0 0 
2 10000 0 0 0 -90000 0 50 0 0 
2 10000 0 0 0 -90000 0 50 0 0 
2 10000 0 0 0 -90000 0 50 0 0 
2 10000 0 0 0 -90000 0 50 0 0 
2 10000 0 0 0 -90000 0 50 0 0 
2 10000 0 0 0 -90000 0 50 0 0 
2 10000 0 0 0 -90000 0 50 0 0 
2 10000 0 0 0 -90000 0 50 0 0 
2 10000 0 0 0 -90000 0 50 0 0 
2 10000 0 0 0 -90000 0 50 0 0 
2 10000 0 0 0 -90000 0 50 0 0 
2 10000 0 0 0 -90000 0 50 0 0 
2 10000 0 0 0 -90000 0 50 0 0 
2 10000 0 0 0 -90000 0 50 0 0 
2 10000 0 0 0 -90000 0 50 0 0 
2 10000 0 0 0 -90000 0 50 0 0 
2 10000 0 0 0 -90000 0 50 0 0 
2 10000 0 0 0 -90000 0 50 0 0 
2 10000 0 0 0 -90000 0 50 0 0 
2 10000 0 0 0 -90000 0 50 0 0 
2 10000 0 0 0 -90000 0 50 0 0 
2 10000 0 0 0 -90000 0 50 0 0 
2 10000 0 0 0 -90000 0 50 0 0 
2 10000 0 0 0 -90000 0 50 0 0 
2 10000 0 0 0 -90000 0 50 0 0 
2 10000 0 0 0 -90000 0 50 0 0 
2 10000 0 0 0 -90000 0 50 0 0 
2 10000 0 0 0 -90000 0 50 0 0 
2 10000 0 0 0 -90000 0 50 0 0 
2 10000 0 0 0 -90000 0 50 0 0 
2 10000 0 0 0 -90000 0 50 0 0 
2 10000 0 0 0 -90000 0 50 0 0 
2 10000 0 0 0 -90000 0 50 0 0 
2 10000 0 0 0 -90000 0 50 0 0 
2 10000 0 0 0 -90000 0 50 0 0 
2 10000 0 0 0 -90000 0 50 0 0 
2 10000 0 0 0 -90000 0 50 0 0 
2 10000 0 0 0 -90000 0 50 0 0 
